Input matrix:
6299.34	38874.21	-23974.03	79602.52	
38874.21	3670.50	14941.08	-5970.37	
-23974.03	14941.08	47225.06	-11775.57	
79602.52	-5970.37	-11775.57	32788.68	

Q matrix:
0.07	0.93	-0.35	0.01	
0.42	0.14	0.43	-0.78	
-0.26	0.33	0.83	0.37	
0.87	-0.04	0.07	0.50	

R matrix:
91990.22	-4847.09	-17825.13	34370.17	
0.00	41953.11	-4472.43	68349.30	
0.00	0.00	53189.49	-38004.95	
0.00	0.00	0.00	16989.91	

QR multiplication:
6299.34	38874.21	-23974.03	79602.52	
38874.21	3670.50	14941.08	-5970.37	
-23974.03	14941.08	47225.06	-11775.57	
79602.52	-5970.37	-11775.57	32788.68	

Eigenvalues: [112052.49246823881, -78102.7794236911, 47675.07553991877, 8358.786895597674]

Eigenvectors:
0.64	-0.73	0.19	0.16	
0.15	0.41	0.44	0.78	
-0.33	-0.14	0.87	-0.35	
0.68	0.53	0.14	-0.49	
matrix11% 

