The matrix given is:
[6299.340177553446, 38874.2052673616, -23974.031083253365, 79602.52262176134]
[38874.2052673616, 3670.49723769394, 14941.079427335075, -5970.371208605623]
[-23974.031083253365, 14941.079427335075, 47225.05727808652, -11775.566156576344]
[79602.52262176134, -5970.371208605623, -11775.566156576344, 32788.68078673019]

Q IS:
[0.06847836552022941, 0.9345225641612858, -0.349200679231663, 0.00609722504412578]
[0.4225906146635037, 0.13631487035735187, 0.43398555393359994, -0.7838953804524731]
[-0.2606149877986069, 0.32602721067343676, 0.8279397618263408, 0.3745688679297464]
[0.865336763340569, -0.042333096902689646, 0.06504748563959627, 0.49514545290233836]

R IS:
[91990.2239152092, -4847.0912088448695, -17825.130555330154, 34370.167738025404]
[3.183231456205249e-12, 41953.10809435344, -4472.431814610013, 68349.30178772369]
[3.637978807091713e-12, -1.1368683772161603e-13, 53189.492274417236, -38004.9480206588]
[-1.4551915228366852e-11, 1.1368683772161603e-11, -5.184119800105691e-11, 16989.906618232475]

Final QR iteration (calculated with shifts):
[112052.4932625556, 0.0008151667828528756, -8.70451812475546e-12, 0.0004233758383164624]
[0.000815166778736941, -78102.92272727066, -1.804257453880831e-12, 3.68997627535734e-05]
[1.806094143750074e-19, -4.268014165382677e-17, 47675.07553991872, 8.260168326193769e-12]
[0.00042337582944131796, 3.689975399839262e-05, -3.896269070984785e-20, 8358.78689559767]

Eigenvalues are:
[112052.4932625556, -78102.92272727066, 47675.07553991872, 8358.78689559767]

Eigenvectors are:
[0.6398731044375523, -0.7288722881887536, 0.18796008010367513, -0.15564824629445934]
[0.14693223880224535, 0.4094536440423741, 0.4406392826150649, -0.7846932416263025]
[-0.32620334267674533, -0.13803567192520358, 0.8660055572820607, 0.35271207647112707]
[0.6801211288158479, 0.5310765336156572, 0.1433262211198176, 0.4854080766922522]
